187
190
193
195
196
197
672
673
674
675
676
677
678
679
680
681
682
683
684
685
686
687
688
689
690
692
693
694
696
697
698
699
1166
1587
2119
2121
2175
2176
2177
2178
2179
2180
2185
2186
2187
2188
2189
2190
2192
2194
2199
2201
2203
2204
2205
2208
2210
2211
2212
2213
2214
2216
2217
2218
2219
2222
2224
2227
2228
2229
2238
2239
2240
2241
2242
2243
2244
2245
2248
2249
2252
2254
2257
2258
2261
2262
2268
2273
2274
2277
2284
2291
2292
2294
2298
2300
2302
2304
2305
2308
2309
2311
2313
2315
2316
2320
2666
2689
2701
2702
2703
2704
2705
2706
2707
2708
2709
2710
2711
2712
2713
2714
2727
2730
2731
2732
2734
2911
2912
2913
2915
2918
2920
2921
2925
2930
2931
3180
3181
3182
3183
3184
3185
3186
3187
3188
3189
3190
3191
3192
3193
3194
3195
3196
3197
3198
3199
3200
3201
3202
3203
3204
3205
3294
4900
4901
4904
4963
4975
4976
4977
4980
4982
4983
4987
4989
4999
5009
5012
5014
5015
5016
5021
5217
5218
5223
5224
5227
5229
5234
5238
5240
5241
5245
5246
5247
5248
5249
5250
5254
5255
5268
5270
5271
5276
5277
5282
5297
5417
5419
5420
5421
5422
5423
5427
5442
5596
5597
5598
5600
5601
5602
5657
5660
5661
5664
5665
5667
5668
5669
5670
5671
5672
5678
5687
5689
5690
5693
5694
5706
5722
5723
5725
5726
5727
5728
5729
5730
5732
5734
5735
5736
5737
5741
5742
5748
5751
5753
5754
5756
5761
5763
5772
5774
5789
5790
5792
5798
5799
5800
5801
5802
5803
5804
5805
5806
5807
5808
5809
5810
5811
5812
5813
5814
5815
5816
5817
5818
5819
5820
5821
5822
5823
5824
5825
5826
5827
5828
5829
5830
5831
5832
5833
5834
5835
5836
5837
5838
5839
5840
5841
5842
5843
5844
5845
5846
5847
5848
5849
5850
5851
5852
5853
5854
5855
5856
5857
5858
5859
5860
5861
5862
5863
5864
5865
5866
5867
5868
5869
5870
5871
5872
5873
5874
5875
5876
5877
5878
5879
5880
5881
5882
5883
5884
5885
5886
5887
5888
5889
5890
5891
5892
5893
5894
5895
5896
5897
5898
5899
5900
5901
5902
5903
5904
5905
5906
5907
5908
5909
5910
5911
5912
5913
5914
5915
5916
5917
5918
5919
5920
5921
5922
5923
5924
5925
5926
5927
5928
5929
5930
5931
5932
5933
5934
5935
5936
5937
5938
5939
5940
5941
5942
5943
5944
5945
5946
5947
5948
5949
5950
5951
5952
5953
5954
5955
5956
5957
5958
5959
5960
5961
5962
5963
5964
5965
5966
5967
5968
5969
5970
5971
5972
5973
5974
5975
5976
5977
5978
5979
5980
5981
5982
5983
5984
5985
5986
5987
5988
5989
5990
5991
5992
5993
5994
5995
5996
5997
5998