926
1032
1068
1070
1145
1149
1151
1152
1153
1154
1155
1160
1163
1164
1166
1173
1174
1175
1184
1188
1189
1192
1196
1380
1383
1384
1385
1386
1387
1394
1396
1397
1398
1399
1400
1402
1405
1410
1412
1417
1418
1419
1420
1421
1422
1423
1424
1434
1437
1444
1446
1455
1460
1609
1610
1613
1614
1617
1620
1622
1623
1631
1632
1791
1794
1795
1797
1859
1861
1862
1863
1864
1865
1866
1869
1870
1871
1872
1876
1877
1878
1879
1880
1882
1884
1885
1886
1888
1895
1897
1910
1911
1924
1925
1926
1927
1929
1932
1933
1936
1940
1941
1942
1943
1944
1945
1947
1948
1949
1950
1951
1954
1955
1961
1963
1965
1967
1969
1989
2875
2918
2963
